[11808.971026] [Project 1] 4669 1588191979.498744243 1588191980.559127876
[11811.015628] [Project 1] 4670 1588191981.594408547 1588191982.603729333
[11813.080497] [Project 1] 4671 1588191983.641763969 1588191984.668598238
[11815.132631] [Project 1] 4672 1588191985.675748783 1588191986.720721127
[11817.220622] [Project 1] 4673 1588191987.743958894 1588191988.808723143
[11819.205677] [Project 1] 4674 1588191989.846878725 1588191990.793778634
[11821.298053] [Project 1] 4675 1588191991.825801143 1588191992.886155596
[11823.308035] [Project 1] 4676 1588191993.904136891 1588191994.896136192
[11825.368672] [Project 1] 4677 1588191995.913018369 1588191996.956771517
[11827.437833] [Project 1] 4678 1588191997.988300263 1588191999.25934045
